5
22
12
22
5
6
25
27
18
8
26
24
23
23
3
18
18
16
26
2
11
23
19
25
8
6
8
24
27
27
15
20
22
15
3
26
20
27
15
26
8
2
11
19
25
13
10
4
1
24
22
27
8
13
14
15
19
10
12
7
26
15
27
20
2
2
7
10
18
10
24
14
12
8
5
25
9
3
17
26
27
11
14
7
24
27
11
4
10
11
10
8
25
25
16
26
16
11
8
6
21
20
19
21
27
12
7
9
15
23
23
3
23
9
9
19
9
8
11
7
18
20
3
15
18
7
13
6
17
9
27
26
2
7
8
17
18
14
14
21
26
9
23
21
18
21
1
15
1
27
21
19
19
12
6
25
7
8
19
12
5
18
11
22
24
7
12
4
10
14
24
8
23
9
17
2
2
6
16
18
5
25
25
12
25
20
10
4
27
1
15
20
8
14
15
4
21
15
7
3
1
20
26
12
1
4
13
18
25
17
24
18
3
22
18
27
14
27
3
2
17
18
21
24
20
24
16
13
11
12
4
1
4
18
1
20
10
3
10
23
19
6
13
22
16
4
10
2
19
13
3
24
19
24
20
11
20
25
13
20
9
16
9
12
23
9
20
5
11
2
1
19
23
2
2
12
21
11
2
13
12
5
9
3
17
18
3
25
4
15
6
12
19
14
12
14
12
4
8
11
21
24
18
5
14
19
5
8
3
23
9
14
27
6
6
5
12
8
2
15
11
24
15
2
10
15
5
10
7
1
21
27
13
11
21
26
19
14
22
21
9
3
23
24
25
17
1
9
24
19
13
23
15
27
25
13
15
18
23
10
18
5
10
19
15
19
17
22
5
1
4
3
19
27
26
16
5
27
14
18
7
26
13
21
14
26
6
17
16
17
27
22
21
25
13
25
5
19
19
25
19
23
27
10
11
26
15
15
14
1
5
9
15
18
2
1
16
23
7
21
13
6
15
6
19
17
3
23
8
22
20
15
6
20
13
16
7
27
3
9
16
24
17
3
3
7
20
7
2
26
27
3
20
15
9
11
20
27
6
27
10
25
14
15
6
26
19
1
15
11
9
3
7
14
22
9
9
14
15
27
1
4
2
20
7
26
19
26
15
13
25
24
26
27
1
5
25
19
5
12
18
3
4
24
5
25
21
14
27
25
13
27
1
3
8
7
2
26
5
16
27
18
1
25
17
17
2
14
25
23
15
15
14
7
12
18
4
21
20
3
18
5
18
18
8
25
24
25
12
17
2
11
7
18
8
23
8
26
26
5
21
2
8
7
8
8
13
11
2
6
2
19
26
19
26
22
16
11
19
16
1
9
26
7
27
22
19
7
20
17
27
2
7
23
24
14
4
10
13
21
4
14
1
2
21
26
13
25
10
4
13
26
13
27
5
1
10
12
7
3
17
22
20
23
17
17
25
9
15
10
2
7
12
3
24
5
1
9
18
26
13
3
24
14
18
18
14
1
2
9
19
19
19
11
14
24
16
1
6
3
10
7
25
11
25
22
15
15
3
22
13
4
24
26
6
4
16
19
4
6
16
11
24
7
21
27
4
10
27
25
1
25
4
26
8
18
9
12
5
11
6
17
15
18
4
20
21
19
1
13
25
5
23
10
1
6
25
20
4
13
17
4
11
9
18
7
26
26
18
19
26
12
25
2
3
1
10
12
9
26
14
22
4
9
4
20
3
18
12
6
3
17
10
2
14
16
9
2
4
15
20
2
27
17
3
2
18
12
2
26
11
15
20
3
13
12
22
15
18
22
21
21
11
19
11
24
7
19
25
10
7
7
27
6
23
2
23
2
3
24
16
2
1
8
4
13
9
14
16
26
8
9
8
18
16
19
3
23
26
17
21
5
23
21
26
7
11
10
9
2
7
24
3
23
21
22
8
18
8
23
5
15
21
13
21
9
20
13
20
7
2
14
12
13
23
26
19
22
9
27
24
4
13
15
15
6
26
22
12
6
6
16
10
15
17
19
24
9
4
5
16
21
18
16
6
2
3
14
13
27
2
25
19
14
1
6
8
26
27
19
5
22
8
3
9
13
21
21
22
14
26
26
7
5
3
2
23
21
15
24
21
16
21
12
19
21
18
26
20
6
7
13
16
3
15
14
15
24
23
25
10
21
12
6
15
3
7
26
24
10
22
6
25
15
17
16
24
23
4
5
18
26
17
6
1
20
8
4
6
4
2
15
13
2
9
16
5
15
14
1
24
8
6
11
11
11
15
24
7
7
1
13
5
7
18
5
15
15
25
20
