8
26
20
18
25
3
23
26
18
8
5
27
8
13
11
9
18
11
21
6
3
15
7
4
20
21
13
21
24
12
21
4
27
2
21
13
4
5
11
10
1
5
26
8
17
25
17
23
24
26
1
16
13
7
19
21
16
20
3
1
21
12
4
20
13
13
5
6
6
4
4
6
24
2
3
2
15
19
24
12
6
24
27
7
19
7
16
23
26
19
23
19
3
15
27
5
27
20
26
21
13
2
27
9
20
2
27
7
9
23
18
3
9
6
9
27
12
24
12
11
4
7
18
7
22
18
11
10
26
9
4
11
26
19
9
18
20
8
25
17
3
4
19
27
10
16
16
21
1
27
20
5
22
11
27
5
17
26
15
15
7
7
15
21
14
23
12
22
3
9
11
21
12
18
21
10
6
9
4
6
24
12
10
18
22
25
23
27
23
26
15
18
21
2
12
7
24
23
1
15
20
11
8
20
1
1
3
22
25
22
27
21
6
26
1
17
23
23
16
19
21
3
9
3
20
9
9
5
4
9
19
12
19
16
5
8
5
23
2
3
17
17
12
11
15
12
27
27
23
16
7
5
7
4
7
27
13
15
20
5
23
1
17
3
16
10
10
20
5
27
22
10
17
23
20
20
7
9
8
3
24
14
23
19
7
3
7
19
17
27
23
13
27
12
4
15
21
14
23
14
2
18
23
7
2
5
27
8
13
7
26
25
10
22
16
16
24
23
23
2
11
18
14
26
19
7
2
1
9
24
15
10
14
26
17
4
3
5
1
4
27
26
1
9
9
6
13
21
17
8
12
16
26
14
14
6
20
15
6
1
11
9
11
14
24
16
17
26
20
17
19
19
5
19
17
2
13
2
12
18
10
23
6
24
9
19
18
2
6
12
2
6
21
1
19
17
16
8
4
8
14
22
27
18
3
5
19
4
6
3
22
4
25
27
16
7
19
6
24
13
18
25
7
27
26
25
5
3
22
8
11
8
19
26
14
10
3
5
13
24
24
7
1
10
7
16
5
14
11
1
15
1
15
22
16
2
8
20
4
2
16
14
25
7
1
11
16
19
5
2
16
17
24
16
26
19
20
20
21
19
20
9
19
23
19
23
24
26
15
17
17
4
19
3
26
20
3
15
11
7
5
15
12
1
19
10
9
12
18
2
19
27
10
27
22
17
22
8
5
10
24
21
2
15
12
27
23
14
3
23
9
7
10
20
24
2
19
5
2
9
6
20
8
5
19
19
21
3
26
25
1
22
7
2
25
8
1
10
21
4
5
3
26
3
11
22
4
2
26
21
27
21
3
7
25
10
25
7
12
12
21
12
22
16
13
9
23
3
18
17
22
11
8
9
13
18
4
6
9
18
26
8
27
17
3
24
27
17
20
27
1
13
12
12
1
13
20
24
4
10
2
25
9
25
7
21
4
26
26
12
5
14
8
5
19
11
1
18
27
9
7
16
21
18
27
11
19
8
23
23
6
24
9
14
10
4
8
13
2
22
14
7
24
21
27
16
4
27
22
19
25
1
24
18
7
12
1
26
20
23
21
25
8
18
12
17
22
8
19
12
18
5
18
15
25
6
19
18
22
13
25
19
3
10
9
9
22
26
23
3
21
5
16
2
23
16
7
17
23
25
1
14
18
8
17
5
13
8
22
7
9
8
25
11
18
23
9
1
21
4
3
3
9
7
4
4
23
27
9
18
13
25
20
4
21
9
8
23
16
18
18
25
14
5
24
20
27
5
20
9
9
11
11
6
18
4
25
13
3
6
19
4
19
12
7
13
9
3
24
25
9
14
11
23
18
7
4
6
1
24
14
25
23
25
3
2
1
27
14
19
21
22
22
12
6
18
13
14
9
25
27
7
12
26
18
18
22
21
24
22
6
26
19
2
12
10
3
1
9
6
19
2
27
3
2
21
9
4
23
6
1
12
12
1
10
2
19
20
12
4
3
17
18
10
7
3
19
26
3
27
4
11
17
19
13
8
12
10
11
23
15
27
7
16
1
6
17
8
14
17
27
17
7
17
26
13
8
18
11
11
6
3
21
23
10
22
19
10
20
18
6
7
17
1
22
6
22
1
2
9
6
17
25
12
7
23
14
3
2
13
13
8
5
22
3
14
5
21
24
24
27
2
20
16
18
3
11
13
19
1
21
25
18
18
9
13
2
11
15
4
13
1
11
17
11
2
19
5
11
15
1
10
5
9
14
23
12
13
24
3
14
17
27
4
23
25
16
24
8
3
16
9
19
26
25
19
16
6
23
26
