9
21
24
12
14
27
4
6
18
22
8
3
3
8
23
10
5
20
2
23
11
18
21
16
13
26
17
21
2
4
13
27
13
9
11
15
24
14
20
4
9
16
22
11
23
7
9
17
26
27
12
25
17
21
14
18
8
3
12
10
22
24
9
23
21
19
10
17
22
18
9
3
6
4
2
18
10
26
7
24
25
7
21
15
1
23
5
8
26
5
6
9
1
14
21
10
22
3
16
16
10
24
7
4
27
8
21
25
6
16
21
4
23
4
7
23
26
11
19
13
16
25
22
5
27
4
15
21
6
3
25
4
15
4
8
4
27
1
1
6
17
11
25
1
14
4
23
12
3
14
14
18
27
24
23
27
27
26
9
21
17
7
25
4
26
5
7
26
21
24
20
26
7
6
26
9
9
21
20
27
24
22
18
12
18
2
11
17
27
9
11
16
4
8
8
2
12
15
27
21
11
8
20
6
13
18
14
10
1
22
10
13
17
27
24
7
17
24
24
16
21
23
20
24
3
27
25
3
3
14
12
2
21
4
23
23
11
9
5
27
20
3
1
25
18
13
4
7
25
16
11
18
27
19
14
2
19
12
20
10
14
5
1
23
24
23
18
23
5
12
22
13
3
11
10
21
24
2
16
21
18
27
12
17
18
25
8
25
25
16
24
27
9
24
23
6
19
2
1
12
2
12
24
5
22
6
14
7
8
2
17
14
1
1
19
8
14
15
5
1
4
17
27
1
13
22
6
5
13
23
5
14
23
2
18
17
23
20
13
19
22
2
21
11
2
2
18
4
16
12
4
8
1
4
9
14
14
3
7
26
14
27
2
9
1
8
15
13
1
27
20
22
1
3
5
18
4
12
10
8
23
14
5
12
6
2
14
8
4
9
23
18
9
24
15
25
4
2
26
4
1
19
14
17
21
8
7
13
19
17
20
3
19
24
3
13
14
17
20
18
14
15
24
22
27
27
9
4
2
7
23
2
25
26
19
7
6
14
19
13
3
1
4
10
13
6
22
27
11
15
6
25
18
18
19
18
17
16
10
18
23
21
9
9
8
27
5
13
13
12
14
5
12
17
14
14
23
25
13
22
12
18
19
18
24
27
24
13
15
22
4
10
5
1
8
12
27
12
14
1
23
27
21
8
6
24
21
17
21
22
11
21
1
3
11
24
2
24
9
5
18
1
15
22
1
22
7
16
22
9
6
17
24
26
13
2
22
22
18
4
16
2
24
16
20
24
1
10
20
10
14
10
26
17
21
16
27
16
4
21
24
25
11
20
24
12
11
7
7
1
11
11
18
23
16
10
19
16
8
11
14
22
10
13
11
3
1
27
18
20
20
3
18
19
22
3
20
5
25
26
22
24
25
1
20
13
11
11
18
7
11
4
1
20
5
1
11
21
27
1
14
8
3
20
16
13
11
8
7
8
6
1
5
19
1
24
5
27
23
22
7
22
14
23
14
19
12
13
12
11
13
14
8
4
6
23
6
16
3
12
13
24
1
17
15
17
2
8
17
13
18
12
8
5
23
10
12
8
23
12
7
24
26
14
17
20
25
22
25
27
6
10
12
6
15
16
11
5
23
16
17
3
16
13
23
12
23
7
8
7
18
14
19
5
17
8
25
14
2
11
3
23
20
14
17
23
2
1
27
14
16
16
16
5
18
11
16
13
6
12
8
12
25
26
17
3
7
3
17
24
13
8
20
21
21
9
16
12
9
4
25
14
19
2
18
9
1
22
10
22
6
6
6
19
5
11
22
27
2
27
12
3
23
4
23
5
13
27
16
10
3
2
23
11
19
2
8
19
23
7
13
17
12
8
25
5
7
8
20
9
7
5
11
18
8
23
22
9
11
11
8
3
1
3
13
20
21
9
27
16
15
2
22
27
25
19
20
4
26
13
1
21
6
1
11
13
23
5
11
22
4
18
24
21
9
9
13
18
18
1
7
21
2
17
9
26
8
2
19
6
3
19
15
8
19
25
9
3
18
8
25
22
14
21
15
12
19
16
2
25
5
8
18
7
13
16
21
20
17
12
14
8
4
1
15
22
14
12
14
5
20
11
15
22
20
18
6
27
6
8
13
10
4
20
5
17
8
26
25
24
26
12
20
2
1
23
13
15
7
26
19
15
25
6
10
17
12
15
6
6
22
18
4
15
10
9
4
17
23
1
2
21
12
21
12
2
16
24
16
12
11
23
26
8
17
24
13
1
1
7
6
11
25
9
25
7
6
1
13
1
2
14
11
2
8
22
3
12
7
7
