26
27
19
10
27
20
4
6
2
16
10
5
23
19
7
3
17
6
26
9
10
8
25
3
13
4
10
14
20
25
17
18
25
9
16
13
1
9
18
18
13
16
22
8
7
1
10
24
6
24
5
5
4
18
23
5
21
6
19
2
3
24
20
16
21
24
1
10
21
7
1
6
22
11
13
2
12
11
14
6
7
7
26
26
25
22
4
18
16
11
20
7
23
1
12
17
13
1
26
7
8
15
12
18
26
14
8
26
24
21
4
20
1
19
18
14
13
10
4
17
20
12
23
5
1
7
21
3
8
8
25
4
12
25
21
10
11
2
8
24
11
27
16
27
18
6
13
3
16
6
8
24
6
4
1
7
10
10
9
6
18
22
9
2
19
19
27
3
9
7
26
19
22
14
8
13
8
20
4
23
14
12
9
20
15
9
15
13
19
12
8
25
6
16
15
24
23
14
26
4
9
13
12
3
15
8
15
23
16
8
7
3
19
15
11
22
13
25
23
20
9
3
17
14
8
20
26
19
6
14
23
3
26
23
5
14
3
9
25
18
5
4
9
12
8
19
6
20
16
17
12
24
9
17
26
5
9
14
23
3
27
7
5
14
2
25
27
20
22
13
11
26
17
19
10
24
11
4
5
15
21
16
1
2
21
15
22
2
1
17
4
27
24
24
14
14
21
2
7
16
15
6
14
20
13
13
5
12
16
9
27
9
13
16
26
6
3
20
23
4
26
26
19
22
22
21
24
4
23
3
19
26
24
22
18
10
7
11
10
22
19
25
20
20
13
18
14
16
27
9
19
14
23
10
8
17
4
20
9
15
12
1
2
8
11
19
6
17
2
16
11
9
13
19
17
26
26
3
3
25
11
21
11
6
19
7
11
11
15
19
14
26
8
15
23
18
22
1
7
12
5
7
9
7
25
25
21
23
27
23
9
10
5
8
4
12
3
14
12
18
22
14
5
2
2
27
9
12
1
4
24
21
26
5
16
24
3
9
8
2
20
6
1
24
2
4
25
5
7
25
11
17
11
15
18
12
15
15
13
4
19
9
24
17
2
2
2
4
10
26
22
3
4
11
15
5
3
1
25
9
25
8
25
9
23
5
9
10
8
21
2
26
18
14
5
20
15
6
23
25
20
6
16
23
16
19
17
8
20
14
5
6
22
19
14
17
12
12
15
19
21
16
7
12
18
11
4
6
5
15
19
25
10
7
9
14
14
25
21
6
12
26
1
22
6
3
27
17
14
14
8
24
18
14
8
8
13
27
2
18
3
20
15
1
26
12
15
13
10
24
7
21
11
7
4
16
10
3
5
12
5
13
8
22
15
4
18
1
19
20
18
11
12
21
11
27
5
14
1
14
11
23
23
21
3
26
26
1
17
3
1
21
4
25
4
19
1
22
19
9
3
25
19
3
7
2
18
11
5
18
14
15
14
25
24
5
13
22
21
2
14
10
12
17
7
15
8
24
25
15
5
27
12
12
19
18
13
9
18
6
16
4
20
18
17
6
22
2
27
4
20
2
13
4
19
9
18
26
5
5
3
9
4
14
9
22
21
21
20
11
16
8
3
8
25
19
2
8
10
18
27
18
19
12
10
10
9
16
25
13
20
27
10
13
2
18
23
11
1
15
21
16
11
12
12
8
20
14
4
2
4
3
8
11
4
17
21
12
21
7
25
14
22
23
26
23
14
21
7
3
25
16
18
8
1
18
5
20
4
8
10
23
11
6
7
14
11
16
25
4
11
11
6
5
7
4
16
20
14
11
11
27
16
17
7
16
7
11
24
27
8
22
11
18
27
6
4
10
21
17
13
20
1
19
24
7
11
13
15
13
12
25
12
27
14
8
4
9
7
27
8
14
21
19
4
9
24
23
18
7
13
20
26
13
27
12
8
26
13
11
12
24
24
12
24
26
19
27
7
26
16
15
12
25
22
5
7
7
27
13
2
1
5
1
2
20
1
9
19
13
8
19
9
4
3
21
2
11
10
9
9
25
12
9
22
6
2
17
1
2
3
3
18
7
19
20
27
19
17
7
4
25
25
1
1
27
22
19
26
4
27
7
17
27
5
11
21
6
1
21
23
3
23
14
25
3
22
13
21
11
19
24
24
5
25
14
21
8
5
19
11
20
15
16
19
19
26
12
13
15
21
25
6
17
11
20
19
21
21
2
4
2
14
1
6
11
14
26
7
7
7
6
26
21
21
17
1
9
17
13
12
10
26
7
15
9
26
23
18
19
24
22
9
10
11
15
10
13
2
16
