1
4
10
15
7
17
27
20
24
15
5
9
14
25
11
10
5
21
24
8
17
21
7
17
8
19
16
10
12
5
19
1
8
1
5
3
17
4
22
3
7
26
11
10
24
10
8
17
4
24
9
24
3
14
20
21
2
19
22
6
10
11
2
26
15
21
4
8
15
6
3
17
12
15
26
19
4
18
11
27
26
7
2
12
16
11
3
7
5
24
16
15
14
19
8
6
26
22
12
2
24
17
2
11
4
10
3
22
20
2
9
16
19
10
4
3
12
10
23
24
25
27
11
27
19
18
5
6
2
5
23
14
21
14
25
23
27
8
15
18
16
3
9
14
6
27
14
4
23
11
17
11
21
16
2
1
10
24
2
3
8
15
24
21
1
10
16
17
20
7
21
22
4
8
17
4
21
20
15
20
10
25
14
16
3
12
1
4
15
8
7
27
2
8
9
6
13
25
19
7
9
11
14
24
22
17
16
4
15
18
7
19
20
7
19
12
10
26
19
9
16
15
17
22
27
3
8
7
10
16
17
12
18
20
24
13
25
13
5
12
19
11
3
1
7
10
12
16
9
19
25
13
22
3
23
10
22
4
16
20
8
22
4
26
3
1
11
27
2
15
1
20
15
19
20
10
2
21
25
10
1
11
23
14
7
5
24
10
16
6
20
8
20
11
8
3
10
9
7
10
18
10
18
26
19
8
16
17
9
16
27
20
18
6
24
14
4
22
2
10
14
9
2
24
6
21
23
3
16
21
20
25
11
8
5
2
15
9
7
23
24
7
4
14
1
27
5
11
17
14
15
4
26
20
24
21
11
1
4
25
3
27
18
21
14
27
26
23
6
2
26
7
18
14
27
18
4
13
4
7
5
2
26
18
12
9
18
4
1
5
6
16
22
26
19
21
26
17
6
20
7
20
15
14
6
14
4
25
26
23
4
20
13
2
10
13
27
16
20
22
5
4
9
23
13
7
1
18
16
7
10
3
9
5
17
1
2
4
23
6
23
25
23
21
10
22
10
26
11
18
9
4
21
17
26
7
13
26
13
1
21
12
3
19
16
8
19
17
12
4
11
23
1
7
17
10
17
15
24
16
5
19
26
11
17
5
12
4
17
12
14
1
3
5
11
12
22
11
15
5
6
4
27
22
14
17
9
26
5
3
20
24
1
3
2
21
14
22
26
14
8
27
5
1
4
1
14
5
8
20
8
7
3
10
23
1
9
1
3
1
24
3
19
14
12
21
8
10
23
4
9
27
4
2
4
21
4
17
25
11
25
21
18
17
4
2
17
1
2
19
17
14
10
8
1
10
1
8
19
12
1
17
11
4
7
3
13
10
9
10
21
6
4
27
22
23
1
27
23
19
7
12
5
16
19
21
25
8
18
6
8
18
22
18
10
1
21
23
10
2
21
19
23
13
7
8
24
6
3
15
13
3
8
17
10
18
4
6
8
9
13
14
3
4
23
3
13
7
1
14
1
20
25
2
26
4
10
11
10
12
25
22
4
22
11
13
12
14
19
8
22
4
21
13
7
5
15
8
12
5
10
1
24
8
2
11
27
22
20
1
8
3
4
2
3
16
2
16
7
9
27
11
2
1
6
23
16
14
23
9
23
21
3
13
20
3
13
3
22
13
11
14
16
1
16
4
3
4
27
19
26
18
20
4
13
24
6
8
5
18
19
25
9
20
17
11
5
20
22
6
19
8
10
8
23
3
26
15
2
26
23
27
16
15
19
17
27
25
13
4
17
12
23
22
12
17
3
6
11
21
2
21
18
24
12
16
27
13
14
22
1
18
9
19
23
8
5
8
27
8
27
5
9
23
27
20
1
18
14
27
1
15
20
18
27
4
6
26
5
20
21
5
26
18
13
22
15
6
2
14
18
8
11
2
23
19
2
13
5
1
13
8
10
3
7
2
9
5
23
17
14
27
4
5
1
14
19
7
5
21
9
22
1
19
23
12
10
24
25
3
13
26
10
11
2
5
2
26
25
24
4
12
23
5
13
10
23
19
14
5
27
8
22
7
3
6
5
15
19
7
16
18
5
27
19
9
1
6
13
25
6
24
20
10
9
2
21
16
15
26
15
22
9
10
13
3
14
27
22
9
5
12
13
4
19
10
20
13
16
5
10
21
1
2
20
26
4
13
14
7
27
18
8
27
3
27
3
19
21
11
23
21
13
15
12
22
7
24
10
27
22
20
16
23
1
14
15
13
17
22
2
7
12
25
22
3
24
21
17
8
16
10
20
3
10
3
25
22
2
13
