14
25
22
6
15
25
16
27
6
24
5
10
20
14
18
19
9
13
17
20
18
27
20
16
13
9
17
13
24
1
15
22
11
20
25
8
14
3
5
18
1
13
20
19
3
12
27
15
1
19
21
17
11
10
2
19
15
3
16
4
18
26
15
26
12
7
14
3
27
4
3
12
24
21
3
24
20
6
13
27
26
2
11
24
19
18
1
11
22
4
17
20
7
15
21
7
10
7
9
25
11
12
9
23
5
27
8
25
5
20
24
20
11
23
5
18
14
5
1
24
9
17
4
21
26
11
3
5
19
1
4
3
25
15
8
14
22
21
18
4
6
26
14
18
4
20
24
21
16
21
10
21
25
19
8
22
13
26
11
5
2
24
20
25
26
3
18
17
6
12
4
8
2
23
1
21
20
21
10
13
19
3
10
11
22
17
21
23
16
20
27
17
5
8
3
4
11
20
9
5
4
12
2
6
8
18
15
27
11
24
1
18
27
11
1
10
27
21
4
2
20
9
7
1
11
10
27
3
18
20
23
18
10
17
14
27
4
13
26
1
3
17
16
13
17
14
1
27
7
5
17
15
13
23
4
13
21
3
4
27
12
26
18
21
4
10
8
6
8
24
8
24
1
9
3
14
9
2
20
13
18
7
15
3
27
16
23
2
19
23
2
18
2
12
10
21
17
26
1
2
22
25
2
3
27
15
12
17
23
13
23
19
16
25
18
4
10
8
23
5
10
2
22
21
11
15
3
17
3
18
24
16
20
16
4
23
27
20
19
1
5
26
6
2
16
25
27
23
9
20
21
10
14
3
10
2
5
15
20
24
21
16
12
2
4
16
25
19
24
16
9
17
14
19
18
11
7
2
20
27
23
18
13
25
16
3
19
22
15
13
27
15
14
19
11
5
15
19
21
17
21
1
23
20
8
25
1
7
9
19
8
6
23
11
13
15
21
16
9
4
2
1
11
2
11
15
5
18
9
11
27
25
22
19
5
19
20
11
27
19
22
18
23
25
27
12
13
9
4
9
14
21
19
18
14
25
15
13
24
12
8
4
17
15
23
16
15
22
23
25
6
13
20
19
2
20
21
10
23
13
18
26
22
25
5
8
22
19
10
7
19
6
10
24
20
22
13
7
5
24
20
26
13
18
27
5
11
9
17
12
26
15
6
12
19
2
22
26
11
1
17
16
26
14
9
26
4
14
11
13
12
9
25
18
8
18
17
16
7
1
3
10
22
14
17
24
8
15
23
8
5
12
23
18
9
4
5
1
6
15
13
7
13
26
24
20
6
14
9
1
3
11
25
27
21
4
16
2
8
16
13
14
13
5
7
3
11
10
15
17
22
3
2
15
8
15
12
8
7
11
7
4
8
7
13
2
10
17
19
6
22
20
8
7
24
14
9
7
12
13
12
7
15
14
10
11
17
21
7
23
4
14
15
1
9
27
18
7
6
25
12
27
17
8
6
2
21
4
9
5
16
9
27
19
22
9
2
1
2
8
23
22
10
11
22
18
26
1
24
4
25
24
3
4
25
4
13
1
18
5
10
6
12
20
15
13
20
5
9
5
26
19
4
20
25
2
9
22
6
7
13
24
11
10
1
23
26
1
2
19
26
8
3
8
22
4
27
26
2
4
14
20
23
22
17
25
4
27
8
25
7
20
22
6
19
22
1
17
11
19
25
26
15
27
6
25
20
21
12
21
25
2
20
7
6
23
7
13
9
2
22
3
7
13
23
18
24
3
15
11
17
4
16
14
23
9
26
16
22
23
17
4
15
23
9
26
18
11
8
5
26
14
17
12
26
7
24
1
11
7
18
14
22
4
9
3
2
13
14
18
17
2
14
5
9
24
1
16
17
26
19
22
10
17
18
6
17
1
12
23
3
6
27
25
17
12
11
3
18
16
9
8
2
13
16
15
13
5
20
11
23
15
10
1
21
15
17
21
16
13
12
10
1
11
7
6
11
6
25
1
10
6
8
12
7
13
15
19
6
7
18
1
10
27
17
3
4
22
12
19
23
1
23
6
24
18
5
18
15
5
1
20
2
1
15
14
15
22
19
10
12
8
9
1
13
27
20
7
12
11
3
23
27
14
18
12
4
22
3
18
16
19
26
6
19
13
19
22
7
26
20
8
22
1
8
7
17
27
13
1
26
4
12
14
18
26
21
2
1
17
19
26
22
26
1
2
20
7
16
12
14
10
2
10
5
18
25
6
7
12
10
7
26
27
25
24
9
26
13
9
4
20
24
25
18
24
15
10
3
10
